1400 0,0152277
1405 0,0127309
1410 0,0183597
1415 0,0322167
1420 0,0525606
1425 0,0762843
1430 0,0997992
1435 0,119847
1440 0,133965
1445 0,14062
1450 0,139156
1455 0,129721
1460 0,113236
1465 0,0914303
1470 0,0668535
1475 0,0427646
1480 0,0227685
1485 0,0101753
1490 0,00723162
1495 0,0145343
1500 0,0309146
1505 0,0538465
1510 0,0801524
1515 0,106685
1520 0,130772
1525 0,150387
1530 0,164127
1535 0,171112
1540 0,170872
1545 0,163292
1550 0,148632
1555 0,127617
1560 0,101611
1565 0,0728032
1570 0,0443125
1575 0,0200564
1580 0,0042159
1585 0,000294742
1590 0,0100596
1595 0,0328776
1600 0,0658543
1605 0,104705
1610 0,144875
1615 0,182402
1620 0,214303
1625 0,238566
1630 0,253932
1635 0,259654
1640 0,255319
1645 0,240801